#     detId      ieta     depth     corrFactor
   3100400        -1         1    0.9182    0.06596
   3100800        -2         1     1.172    0.07801
   3100c00        -3         1     1.266    0.06094
   3101000        -4         1    0.8231     0.1602
   3101400        -5         1     1.056    0.05686
   3101800        -6         1    0.8639    0.04216
   3101c00        -7         1     1.029    0.08255
   3102000        -8         1     1.266    0.06562
   3102400        -9         1     1.091     0.0644
   3102800       -10         1    0.8313    0.06139
   3102c00       -11         1     1.827     0.0622
   3103000       -12         1     0.959     0.0675
   3103400       -13         1    0.9675    0.07856
   3103800       -14         1     1.619     0.0801
   3103c00       -15         1     1.089    0.06222
   3104000       -16         1     1.427     0.1004
   3180400         1         1     1.112    0.08358
   3180800         2         1     1.139    0.08258
   3180c00         3         1     2.106     0.1055
   3181000         4         1    0.5632    0.05372
   3181400         5         1    0.8617    0.06974
   3181800         6         1     1.333    0.08013
   3181c00         7         1     1.262    0.06401
   3182000         8         1    0.9856    0.04205
   3182400         9         1     1.351     0.0662
   3182800        10         1     1.206    0.05427
   3182c00        11         1     1.352    0.06391
   3183000        12         1     1.132    0.05227
   3183400        13         1     1.794     0.1745
   3183800        14         1    0.7436    0.03629
   3183c00        15         1      1.88     0.1312
   3184000        16         1     2.227     0.2581
   3200400        -1         2     1.128    0.02677
   3200800        -2         2     1.196    0.02769
   3200c00        -3         2     1.109    0.03836
   3201000        -4         2     1.269    0.03659
   3201400        -5         2     1.186    0.03348
   3201800        -6         2     1.287    0.02557
   3201c00        -7         2     1.204    0.02996
   3202000        -8         2     1.138    0.02776
   3202400        -9         2     1.174    0.07096
   3202800       -10         2     1.199    0.02839
   3202c00       -11         2     1.038    0.02456
   3203000       -12         2     1.241    0.04096
   3203400       -13         2     1.294     0.0513
   3203800       -14         2     1.206    0.03381
   3203c00       -15         2     1.256    0.03682
   3204000       -16         2     1.109    0.03952
   3280400         1         2     1.144    0.03109
   3280800         2         2     1.289    0.05094
   3280c00         3         2    0.9432    0.02968
   3281000         4         2     1.319    0.04729
   3281400         5         2     1.218    0.04051
   3281800         6         2     1.173    0.04243
   3281c00         7         2     1.177    0.03443
   3282000         8         2     1.074    0.02609
   3282400         9         2      1.11    0.02842
   3282800        10         2     1.168    0.02983
   3282c00        11         2      1.11    0.02873
   3283000        12         2     1.164    0.03728
   3283400        13         2     1.066    0.03002
   3283800        14         2     1.093    0.05518
   3283c00        15         2     1.111    0.04287
   3284000        16         2      1.27     0.0982
   3300400        -1         3     1.295    0.03331
   3300800        -2         3     1.209    0.03543
   3300c00        -3         3     1.049     0.0413
   3301000        -4         3     1.171    0.04057
   3301400        -5         3    0.9953    0.04223
   3301800        -6         3      1.28     0.0368
   3301c00        -7         3     1.207    0.04594
   3302000        -8         3     1.288    0.04445
   3302400        -9         3     1.246    0.06186
   3302800       -10         3     1.139    0.04051
   3302c00       -11         3     1.199    0.04806
   3303000       -12         3     1.313    0.06686
   3303400       -13         3     1.212    0.05545
   3303800       -14         3     1.317    0.04761
   3303c00       -15         3      1.45     0.1123
   3304000       -16         3     1.295    0.09555
   3380400         1         3     1.037    0.04211
   3380800         2         3      1.31    0.04697
   3380c00         3         3     1.243    0.04823
   3381000         4         3      1.19     0.1051
   3381400         5         3     1.277    0.03576
   3381800         6         3     1.344    0.04124
   3381c00         7         3     1.245    0.04383
   3382000         8         3     1.202    0.03376
   3382400         9         3     1.394    0.03971
   3382800        10         3      1.07    0.04349
   3382c00        11         3     1.153    0.03851
   3383000        12         3     1.041    0.03712
   3383400        13         3     1.378    0.06316
   3383800        14         3     1.469    0.07558
   3383c00        15         3     1.455     0.1094
   3384000        16         3     1.083     0.0755
   3400400        -1         4     1.665     0.0683
   3400800        -2         4     1.728    0.06698
   3400c00        -3         4     2.068     0.1046
   3401000        -4         4     1.642    0.06164
   3401400        -5         4     3.358     0.1608
   3401800        -6         4     2.063     0.1075
   3401c00        -7         4     1.511     0.4371
   3402000        -8         4     1.732     0.1135
   3402400        -9         4     1.547    0.07465
   3402800       -10         4     2.818     0.1232
   3402c00       -11         4     1.792     0.1123
   3403000       -12         4     2.052     0.2568
   3403400       -13         4     1.473    0.09639
   3403800       -14         4     1.553     0.0861
   3403c00       -15         4     3.239     0.2103
   3480400         1         4     3.063     0.1005
   3480800         2         4      1.89     0.1018
   3480c00         3         4     1.574    0.08744
   3481000         4         4     2.231     0.1843
   3481400         5         4     1.652    0.06088
   3481800         6         4     1.672    0.05609
   3481c00         7         4     1.593    0.08518
   3482000         8         4       1.6    0.05966
   3482400         9         4     1.528    0.06672
   3482800        10         4     1.682     0.1075
   3482c00        11         4     2.245     0.1323
   3483000        12         4     1.711    0.08746
   3483400        13         4     1.682     0.1793
   3483800        14         4     1.956     0.3071
   3483c00        15         4     2.698     0.3739
   5104c00       -19         1     1.642    0.07924
   5105000       -20         1     1.452    0.05232
   5105400       -21         1     1.559    0.05021
   5105800       -22         1     1.479    0.05648
   5105c00       -23         1      1.79    0.05683
   5106000       -24         1     1.606     0.0615
   5106400       -25         1     1.371    0.06746
   5184c00        19         1     2.145    0.08162
   5185000        20         1     1.902     0.0619
   5185400        21         1     1.605    0.05238
   5185800        22         1     1.572    0.05445
   5185c00        23         1     1.397    0.05719
   5186000        24         1     1.376    0.06552
   5186400        25         1     1.405      0.082
   5204400       -17         2     1.239    0.03613
   5204800       -18         2     1.052    0.03014
   5204c00       -19         2     1.099    0.02329
   5205000       -20         2    0.8716    0.01944
   5205400       -21         2    0.8769    0.02008
   5205800       -22         2    0.8109    0.01778
   5205c00       -23         2    0.9108    0.02413
   5206000       -24         2    0.8548    0.02465
   5206400       -25         2    0.8456    0.02813
   5284400        17         2     1.234    0.06909
   5284800        18         2    0.9379    0.02299
   5284c00        19         2     1.003    0.02103
   5285000        20         2    0.8885    0.01766
   5285400        21         2    0.8532    0.01739
   5285800        22         2    0.7921    0.01845
   5285c00        23         2    0.8956    0.02338
   5286000        24         2    0.8699     0.0299
   5286400        25         2    0.8129    0.03244
   5304400       -17         3     0.895    0.04088
   5304800       -18         3     1.064    0.02267
   5304c00       -19         3     1.092    0.02989
   5305000       -20         3     1.197     0.0276
   5305400       -21         3     1.125    0.03619
   5305800       -22         3     1.179    0.03828
   5305c00       -23         3    0.8619    0.02895
   5306000       -24         3     1.209    0.05222
   5306400       -25         3      1.32    0.06188
   5384400        17         3    0.9299    0.04249
   5384800        18         3     1.141    0.03399
   5384c00        19         3     1.232    0.03017
   5385000        20         3     1.171    0.02588
   5385400        21         3     1.236    0.02627
   5385800        22         3    0.9416    0.02604
   5385c00        23         3      1.24    0.03078
   5386000        24         3     1.053    0.04497
   5386400        25         3     1.344    0.06788
   5404000       -16         4     1.407    0.06546
   5404800       -18         4     1.118    0.06014
   5404c00       -19         4    0.9722    0.04727
   5405000       -20         4     1.049    0.03356
   5405400       -21         4     1.112    0.04244
   5405800       -22         4    0.9015    0.04771
   5405c00       -23         4    0.9886     0.0332
   5406000       -24         4    0.4695    0.03846
   5406400       -25         4    0.7516    0.07349
   5484000        16         4     1.264     0.1057
   5484800        18         4    0.7808    0.05454
   5484c00        19         4     1.101    0.04561
   5485000        20         4     1.083    0.03905
   5485400        21         4     1.038    0.03161
   5485800        22         4    0.9587    0.03277
   5485c00        23         4      1.28    0.04329
   5486000        24         4    0.9782    0.05153
   5486400        25         4    0.9688     0.1034
   5504800       -18         5     1.104    0.06009
   5504c00       -19         5    0.8975    0.04771
   5505000       -20         5    0.9177    0.03642
   5505400       -21         5    0.8859    0.03847
   5505800       -22         5    0.8019    0.03887
   5505c00       -23         5     1.087    0.04129
   5506000       -24         5    0.8835    0.06143
   5506400       -25         5    0.9414    0.08455
   5584800        18         5     1.099    0.08723
   5584c00        19         5     1.037    0.05101
   5585000        20         5    0.9757    0.04635
   5585400        21         5    0.9469    0.05124
   5585800        22         5     1.317    0.05802
   5585c00        23         5     1.061    0.06319
   5586000        24         5     0.413    0.05673
   5586400        25         5    0.8022    0.08442
   5604c00       -19         6     1.784     0.1781
   5605000       -20         6     1.901     0.1339
   5605400       -21         6     2.003    0.09152
   5605800       -22         6     1.517     0.1254
   5605c00       -23         6     1.573     0.1473
   5606000       -24         6    0.6095      0.101
   5606400       -25         6    0.9016      0.114
   5684c00        19         6     1.271    0.09057
   5685000        20         6     1.253    0.07992
   5685400        21         6     1.268    0.09356
   5685800        22         6    0.9451    0.07654
   5685c00        23         6     1.954     0.1029
   5686000        24         6     1.015     0.1715
   5686400        25         6     3.728     0.2756
